Accuracy: 89 %
Accuracy: 88 %
Accuracy: 91 %
Accuracy: 91 %
Accuracy: 90 %
Accuracy: 91 %
Accuracy: 90 %
Accuracy: 91 %
Accuracy: 92 %
Accuracy: 92 %
Accuracy: 92 %
Accuracy: 91 %
Accuracy: 91 %
Accuracy: 92 %
Accuracy: 91 %
Accuracy: 92 %
Accuracy: 92 %
Accuracy: 92 %
Accuracy: 92 %
Accuracy: 92 %
Accuracy: 92 %
Accuracy: 92 %
Accuracy: 92 %
Accuracy: 92 %
Accuracy: 92 %
Accuracy: 92 %
Accuracy: 92 %
Accuracy: 92 %
Accuracy: 92 %
Accuracy: 92 %
Finished Training in 2074.1769728660583s
Loss: [0.39898392833220664, 0.2473839190386021, 0.20160028839974864, 0.1700758311098388, 0.14154860064419128, 0.11937647039148253, 0.09984162406401516, 0.07917356632675741, 0.06595204689061883, 0.050757220601106386, 0.038515712747925826, 0.03282435069329293, 0.029184521968961517, 0.017174547541267342, 0.012325890845814948, 0.008806696971301303, 0.003643557814477386, 0.0013422204370268686, 0.0006216897717002109, 0.000459859485720368, 0.0003987278488455553, 0.0003227953589689076, 0.00028316335393475375, 0.00026098304244506326, 0.0002324384033928665, 0.00020963212174218444, 0.0001979369336633095, 0.0001824949414673774, 0.00016980850085829, 0.00016059625120910237]
Acc: [0.8946, 0.886, 0.9124, 0.9126, 0.904, 0.9173, 0.9081, 0.9191, 0.9238, 0.9232, 0.9226, 0.9138, 0.9198, 0.9231, 0.9171, 0.9253, 0.9283, 0.9297, 0.9291, 0.9292, 0.9291, 0.9285, 0.9285, 0.9289, 0.929, 0.9286, 0.9288, 0.9281, 0.9283, 0.9284]
Confusion_Matrix: [[873   0  16  12   3   2  88   0   6   0]
 [  1 984   1  10   1   0   2   0   1   0]
 [ 17   1 889   7  38   0  47   0   1   0]
 [ 12   2   6 937  17   0  23   0   3   0]
 [  0   1  34  22 899   0  41   0   3   0]
 [  0   0   0   0   0 986   0  10   0   4]
 [ 80   0  48  21  52   1 792   0   6   0]
 [  0   0   0   0   0   6   0 974   1  19]
 [  2   1   0   7   1   2   0   2 985   0]
 [  0   0   0   0   0   4   0  30   1 965]]
