Accuracy: 85 %
Accuracy: 89 %
Accuracy: 89 %
Accuracy: 88 %
Accuracy: 90 %
Accuracy: 90 %
Accuracy: 89 %
Accuracy: 91 %
Accuracy: 91 %
Accuracy: 90 %
Accuracy: 91 %
Accuracy: 91 %
Accuracy: 91 %
Accuracy: 91 %
Accuracy: 91 %
Accuracy: 91 %
Accuracy: 91 %
Accuracy: 90 %
Accuracy: 91 %
Accuracy: 91 %
Accuracy: 90 %
Accuracy: 91 %
Accuracy: 91 %
Accuracy: 91 %
Accuracy: 91 %
Accuracy: 91 %
Accuracy: 92 %
Accuracy: 91 %
Accuracy: 91 %
Accuracy: 92 %
Finished Training in 1906.128851890564s
Loss: [0.4734626907135659, 0.2889992555438391, 0.24447541601613976, 0.21698298140278877, 0.19522745406360484, 0.17679300298765221, 0.16195952405670028, 0.14678042760096977, 0.13381659041935123, 0.12043818832437728, 0.10920503568361446, 0.09880987438099934, 0.08957937818414183, 0.08048519063363271, 0.07077361244644688, 0.06240571024325719, 0.05531299118650332, 0.049556283909417964, 0.042299748914715864, 0.036053848124865596, 0.03161748036607531, 0.026339279638808083, 0.021474666391169354, 0.017407931545088337, 0.013349666150476636, 0.010804807552580772, 0.008591451768498974, 0.007472724490028706, 0.006153700951901299, 0.005067346775988783]
Acc: [0.8554, 0.8915, 0.8947, 0.8865, 0.9079, 0.9066, 0.8903, 0.916, 0.9142, 0.9074, 0.9165, 0.9105, 0.9185, 0.915, 0.918, 0.9182, 0.9198, 0.9076, 0.9159, 0.9145, 0.9087, 0.9138, 0.9166, 0.9198, 0.9192, 0.9169, 0.9211, 0.9183, 0.9198, 0.9206]
Confusion_Matrix: [[883   0  21  11   2   1  78   0   4   0]
 [  1 983   1  11   2   0   1   0   1   0]
 [ 15   1 892   8  39   0  44   0   1   0]
 [ 19   7  11 908  25   0  30   0   0   0]
 [  2   0  46  21 889   0  40   0   2   0]
 [  0   0   0   0   0 982   0  15   0   3]
 [ 90   2  61  28  67   0 747   0   5   0]
 [  0   0   0   0   0   4   0 974   0  22]
 [  4   0   2   4   0   1   3   3 983   0]
 [  0   0   0   0   0   6   1  28   0 965]]
