Accuracy: 78 %
Accuracy: 83 %
Accuracy: 84 %
Accuracy: 85 %
Accuracy: 86 %
Accuracy: 87 %
Accuracy: 87 %
Accuracy: 88 %
Accuracy: 88 %
Accuracy: 88 %
Accuracy: 88 %
Accuracy: 89 %
Accuracy: 89 %
Accuracy: 89 %
Accuracy: 89 %
Accuracy: 89 %
Accuracy: 89 %
Accuracy: 90 %
Accuracy: 90 %
Accuracy: 89 %
Accuracy: 90 %
Accuracy: 90 %
Accuracy: 90 %
Accuracy: 90 %
Accuracy: 90 %
Accuracy: 90 %
Accuracy: 90 %
Accuracy: 90 %
Accuracy: 90 %
Accuracy: 91 %
Finished Training in 1904.5430982112885s
Loss: [0.9834583350154099, 0.539975996142136, 0.45067506184127565, 0.4015032184352997, 0.3701025063893584, 0.34681047847456714, 0.3288930271898288, 0.3141117696287538, 0.3019000443380441, 0.29109752106628395, 0.2816805772745749, 0.27346462852608816, 0.2658392539687192, 0.2588784743653036, 0.2527569028585672, 0.24610937082207698, 0.240906504637849, 0.2355937834276461, 0.23073167625015548, 0.22548035766408564, 0.2213188122834696, 0.21729557490097548, 0.21228853299450468, 0.20848383807767035, 0.2041559655660626, 0.20078192527228003, 0.1970817909726084, 0.19352112811062736, 0.18944725393056233, 0.1859557463001289]
Acc: [0.7875, 0.8301, 0.8483, 0.8585, 0.8663, 0.8728, 0.8773, 0.8832, 0.8853, 0.8869, 0.8877, 0.8921, 0.8904, 0.8944, 0.8982, 0.8966, 0.8996, 0.9005, 0.9021, 0.8998, 0.9032, 0.9052, 0.906, 0.9073, 0.9076, 0.9051, 0.9092, 0.9083, 0.9087, 0.9107]
Confusion_Matrix: [[863   0  16  24   5   2  82   0   8   0]
 [  2 974   2  17   2   0   2   0   1   0]
 [ 11   0 852  10  56   0  69   0   2   0]
 [ 12   3  11 924  21   0  27   0   2   0]
 [  1   3  41  32 871   0  52   0   0   0]
 [  0   0   0   1   0 980   0  15   0   4]
 [102   1  52  34  63   0 738   0  10   0]
 [  0   0   0   0   0  14   0 962   0  24]
 [  2   1   2   4   2   1   2   4 981   1]
 [  0   0   0   0   0   5   2  31   0 962]]
