Accuracy: 80 %
Accuracy: 82 %
Accuracy: 83 %
Accuracy: 83 %
Accuracy: 84 %
Accuracy: 84 %
Accuracy: 84 %
Accuracy: 85 %
Accuracy: 85 %
Accuracy: 85 %
Accuracy: 86 %
Accuracy: 86 %
Accuracy: 86 %
Accuracy: 86 %
Accuracy: 86 %
Accuracy: 86 %
Accuracy: 87 %
Accuracy: 87 %
Accuracy: 87 %
Accuracy: 87 %
Accuracy: 87 %
Accuracy: 87 %
Accuracy: 87 %
Accuracy: 87 %
Accuracy: 87 %
Accuracy: 87 %
Accuracy: 87 %
Accuracy: 87 %
Accuracy: 87 %
Accuracy: 87 %
Finished Training in 493.64506459236145s
Loss: [0.7630409360758904, 0.4971989334392955, 0.45287501557532345, 0.42733429852582855, 0.40884623788654995, 0.39446631787998826, 0.382582522268738, 0.3709156740786808, 0.36240032356602153, 0.3533451042854671, 0.3463231045414824, 0.3397856329745646, 0.33354622672690654, 0.32801327125239904, 0.32285649439154973, 0.31637855498328915, 0.31144434474448385, 0.3075412831476938, 0.3030561796660866, 0.298761367034505, 0.29469745590280955, 0.290746630375197, 0.28762678515758433, 0.2839608758990131, 0.28055331533180355, 0.2771875594395711, 0.2741012103147924, 0.2715379899822915, 0.26797724252799277, 0.2652150019208166]
Acc: [0.8018, 0.8224, 0.833, 0.8353, 0.8444, 0.8482, 0.849, 0.8535, 0.8556, 0.8587, 0.86, 0.8637, 0.865, 0.8641, 0.8666, 0.8697, 0.8702, 0.8713, 0.8705, 0.8736, 0.8739, 0.8725, 0.8744, 0.8767, 0.8746, 0.8732, 0.8743, 0.8765, 0.8767, 0.8784]
Confusion_Matrix: [[838   0  11  25   4   2 111   0   9   0]
 [  6 967   1  19   2   1   2   0   2   0]
 [ 18   0 761  13 111   1  93   0   3   0]
 [ 22  10   9 880  38   0  35   0   6   0]
 [  0   1  71  29 817   0  81   0   1   0]
 [  0   0   0   1   0 956   0  25   2  16]
 [121   1  71  21  62   0 708   0  16   0]
 [  0   0   0   0   0  35   0 935   0  30]
 [  4   0   3   5   4   3   8   4 969   0]
 [  0   0   0   1   0  13   1  32   0 953]]
