Accuracy: 80 %
Accuracy: 81 %
Accuracy: 83 %
Accuracy: 83 %
Accuracy: 83 %
Accuracy: 83 %
Accuracy: 84 %
Accuracy: 84 %
Accuracy: 84 %
Accuracy: 83 %
Accuracy: 84 %
Accuracy: 83 %
Accuracy: 85 %
Accuracy: 84 %
Accuracy: 83 %
Accuracy: 82 %
Accuracy: 84 %
Accuracy: 82 %
Accuracy: 83 %
Accuracy: 83 %
Accuracy: 84 %
Accuracy: 83 %
Accuracy: 83 %
Accuracy: 84 %
Accuracy: 84 %
Accuracy: 84 %
Accuracy: 83 %
Accuracy: 84 %
Accuracy: 84 %
Accuracy: 84 %
Finished Training in 497.85191535949707s
Loss: [0.5407643097759947, 0.46121058069972626, 0.4357099161426693, 0.4228445805982948, 0.4145268419540806, 0.40912634409415427, 0.4000794582840218, 0.39609235634862294, 0.3901832982850049, 0.38937127179085507, 0.3779990820804553, 0.3798088189949984, 0.3721329831183275, 0.3711795365336483, 0.37015864920177227, 0.3677886103934896, 0.36647179904875915, 0.3641043039100402, 0.36364926959973387, 0.3586047518771766, 0.35474264545399964, 0.35778551283933563, 0.36268834865939276, 0.3551719392169756, 0.3533082510182672, 0.348387232346494, 0.34148237845495644, 0.3539008403568665, 0.3534472703997328, 0.34899592769343163]
Acc: [0.8037, 0.8129, 0.8305, 0.8307, 0.832, 0.8311, 0.8423, 0.8461, 0.8471, 0.8396, 0.8481, 0.8353, 0.8525, 0.8419, 0.8372, 0.8281, 0.8496, 0.8272, 0.8396, 0.8391, 0.8489, 0.8384, 0.8391, 0.8493, 0.8476, 0.8401, 0.8354, 0.8493, 0.848, 0.8464]
Confusion_Matrix: [[841   3  31  22   2   8  87   0   6   0]
 [  5 964   2  16   4   0   7   0   2   0]
 [ 16   4 808   9  81   3  76   1   2   0]
 [ 52  23  23 810  28   4  56   1   3   0]
 [  0   1 171  37 623   0 164   0   4   0]
 [  0   0   1   0   0 959   1  28   1  10]
 [170   3 108  18  38   5 642   0  16   0]
 [  0   0   0   0   0  36   0 939   0  25]
 [  2   0  11   4   3   6  10   6 957   1]
 [  1   0   0   0   0  20   0  58   0 921]]
