Accuracy: 89 %
Accuracy: 91 %
Accuracy: 90 %
Accuracy: 91 %
Accuracy: 92 %
Accuracy: 91 %
Accuracy: 92 %
Accuracy: 92 %
Accuracy: 91 %
Accuracy: 92 %
Accuracy: 92 %
Accuracy: 92 %
Accuracy: 92 %
Accuracy: 92 %
Accuracy: 92 %
Accuracy: 91 %
Accuracy: 92 %
Accuracy: 92 %
Accuracy: 91 %
Accuracy: 92 %
Accuracy: 92 %
Accuracy: 92 %
Accuracy: 91 %
Accuracy: 92 %
Accuracy: 91 %
Accuracy: 92 %
Accuracy: 92 %
Accuracy: 92 %
Accuracy: 91 %
Accuracy: 91 %
Finished Training in 2408.386978149414s
Loss: [0.3479542277172892, 0.23179136519792432, 0.19197137814647297, 0.16088356977187518, 0.1353547141560241, 0.10951209766740574, 0.08853528617902111, 0.07167233398687115, 0.05724942151769169, 0.04802230690663587, 0.03948873828332712, 0.0355236642759665, 0.031983620191331885, 0.023427362593470825, 0.02521048089887973, 0.020330102756250017, 0.02196530097999062, 0.01975144076534529, 0.018769187230886632, 0.015363012301319864, 0.015282207911935627, 0.01251725059712933, 0.016570027391085297, 0.011601786629823845, 0.01443253601924684, 0.012536141351563607, 0.010143277404518461, 0.009814041165590382, 0.013570089774478404, 0.0097897852544669]
Acc: [0.8924, 0.9124, 0.9073, 0.9155, 0.9223, 0.9121, 0.9215, 0.922, 0.9146, 0.9214, 0.9201, 0.922, 0.9219, 0.9222, 0.924, 0.9142, 0.922, 0.9216, 0.9165, 0.9235, 0.9215, 0.921, 0.9173, 0.9214, 0.9188, 0.9237, 0.921, 0.9212, 0.9193, 0.9174]
Confusion_Matrix: [[850   0  16  15   4   1 108   0   6   0]
 [  1 981   0  11   4   0   0   0   3   0]
 [ 14   1 875   9  49   1  48   0   2   1]
 [ 15   0  11 922  21   0  29   0   2   0]
 [  2   0  44  26 879   0  45   0   4   0]
 [  0   0   0   0   0 975   0  19   0   6]
 [ 83   2  52  23  63   1 765   0  11   0]
 [  0   0   0   0   0   5   0 979   0  16]
 [  2   1   2   3   1   1   1   3 985   1]
 [  0   0   0   0   0   4   0  32   1 963]]
