Accuracy: 89 %
Accuracy: 90 %
Accuracy: 91 %
Accuracy: 91 %
Accuracy: 91 %
Accuracy: 91 %
Accuracy: 91 %
Accuracy: 91 %
Accuracy: 91 %
Accuracy: 91 %
Accuracy: 91 %
Accuracy: 91 %
Accuracy: 91 %
Accuracy: 90 %
Accuracy: 91 %
Accuracy: 91 %
Accuracy: 91 %
Accuracy: 91 %
Accuracy: 91 %
Accuracy: 91 %
Accuracy: 91 %
Accuracy: 91 %
Accuracy: 91 %
Accuracy: 91 %
Accuracy: 90 %
Accuracy: 91 %
Accuracy: 91 %
Accuracy: 90 %
Accuracy: 91 %
Accuracy: 91 %
Finished Training in 2264.8619978427887s
Loss: [0.37411850349721176, 0.23870827925561458, 0.195198044904459, 0.16143287093306047, 0.1366162729889886, 0.11195082141716618, 0.09286448072638112, 0.07489944573416273, 0.06339087150444296, 0.05023013877810606, 0.04070478228388976, 0.03392732818412178, 0.029518232706326916, 0.02396354531452334, 0.025960429801821575, 0.016480609288055493, 0.020547702147032998, 0.014422154768533844, 0.01662871307700752, 0.015525112640461263, 0.01277498469175249, 0.012775846162136657, 0.015242342879024623, 0.010579631291084482, 0.011591935986104439, 0.011685788961357683, 0.00943477897159016, 0.011648875108671925, 0.010017590089849586, 0.010375185762432196]
Acc: [0.8995, 0.9055, 0.9101, 0.9134, 0.915, 0.9168, 0.9127, 0.9185, 0.9137, 0.9158, 0.9168, 0.9132, 0.9139, 0.9098, 0.9129, 0.9135, 0.9136, 0.9116, 0.9142, 0.9138, 0.9122, 0.9117, 0.9147, 0.9153, 0.9085, 0.9112, 0.916, 0.9067, 0.9146, 0.9142]
Confusion_Matrix: [[793   0  23  17   5   2 155   0   5   0]
 [  0 987   2   7   1   0   3   0   0   0]
 [ 10   1 879   6  32   1  70   0   1   0]
 [  6  12  13 903  26   0  40   0   0   0]
 [  0   0  76  21 837   0  65   0   1   0]
 [  0   0   0   0   0 986   0  11   0   3]
 [ 52   1  50  18  45   0 828   0   6   0]
 [  0   0   0   0   0  11   0 975   1  13]
 [  1   1   3   1   3   1   4   0 986   0]
 [  0   0   0   0   0   4   1  27   0 968]]
