Accuracy: 83 %
Accuracy: 85 %
Accuracy: 86 %
Accuracy: 87 %
Accuracy: 87 %
Accuracy: 87 %
Accuracy: 87 %
Accuracy: 87 %
Accuracy: 88 %
Accuracy: 86 %
Accuracy: 88 %
Accuracy: 87 %
Accuracy: 87 %
Accuracy: 87 %
Accuracy: 88 %
Accuracy: 87 %
Accuracy: 88 %
Accuracy: 88 %
Accuracy: 88 %
Accuracy: 88 %
Accuracy: 88 %
Accuracy: 87 %
Accuracy: 88 %
Accuracy: 87 %
Accuracy: 88 %
Accuracy: 88 %
Accuracy: 87 %
Accuracy: 87 %
Accuracy: 88 %
Accuracy: 87 %
Finished Training in 494.15779423713684s
Loss: [0.5029445172087742, 0.3815181049555063, 0.34518645072441345, 0.31855390537351275, 0.30224863865205037, 0.28967088604844876, 0.27769439079845476, 0.26670970296210894, 0.2582343367933273, 0.2483877155456688, 0.2404440830609778, 0.23399326856483646, 0.2272264893815764, 0.21885931176176193, 0.21386737515205634, 0.2071956588370823, 0.20319534503440337, 0.19653517343779767, 0.1913887249224341, 0.18673980164290938, 0.18235496398987866, 0.17891877557656935, 0.17361865024675746, 0.1695086372064043, 0.1645955320471538, 0.1626288766834563, 0.16023762925481275, 0.15434929081253715, 0.15386652977284335, 0.15054437704980692]
Acc: [0.8384, 0.8555, 0.8677, 0.8708, 0.8746, 0.8706, 0.8738, 0.8755, 0.8838, 0.8696, 0.8836, 0.8786, 0.8762, 0.8796, 0.8829, 0.8784, 0.8812, 0.8803, 0.8867, 0.8852, 0.8803, 0.8782, 0.8835, 0.8751, 0.8843, 0.8832, 0.8728, 0.879, 0.8818, 0.8779]
Confusion_Matrix: [[890   3  24  20  10   1  45   0   7   0]
 [  5 977   2   7   6   0   3   0   0   0]
 [ 18   2 818   8 118   0  35   0   1   0]
 [ 34  21  17 846  64   0  16   0   2   0]
 [  0   0  59  16 896   0  28   0   1   0]
 [  3   0   0   1   0 930   0  41   2  23]
 [185   3 104  27 130   0 541   0  10   0]
 [  0   0   0   0   0  18   0 950   0  32]
 [ 10   1   5   3   8   1   9   5 958   0]
 [  1   0   1   0   0   5   0  20   0 973]]
