Accuracy: 77 %
Accuracy: 81 %
Accuracy: 82 %
Accuracy: 82 %
Accuracy: 83 %
Accuracy: 83 %
Accuracy: 84 %
Accuracy: 84 %
Accuracy: 84 %
Accuracy: 84 %
Accuracy: 85 %
Accuracy: 84 %
Accuracy: 85 %
Accuracy: 85 %
Accuracy: 85 %
Accuracy: 85 %
Accuracy: 86 %
Accuracy: 86 %
Accuracy: 86 %
Accuracy: 86 %
Accuracy: 86 %
Accuracy: 86 %
Accuracy: 86 %
Accuracy: 86 %
Accuracy: 86 %
Accuracy: 87 %
Accuracy: 86 %
Accuracy: 86 %
Accuracy: 87 %
Accuracy: 87 %
Finished Training in 550.9108035564423s
Loss: [0.8174224262748991, 0.5268049911857288, 0.4766971727509127, 0.450425328827973, 0.43197285675760777, 0.41747931140527655, 0.40562944766233416, 0.3949205660864536, 0.3855509510385061, 0.3773515158777176, 0.3697274709905606, 0.3631969635457341, 0.3572328485858606, 0.3512086810239987, 0.345995722897152, 0.3411828925636306, 0.3363023442608824, 0.3316637469234945, 0.3270227828380138, 0.32308280891008284, 0.3194947119647182, 0.3155383338700491, 0.31133662562582765, 0.30801897526200833, 0.30502477431373637, 0.30166016439554405, 0.29876195817486073, 0.29547078030436374, 0.2922306035425645, 0.28933052288461775]
Acc: [0.7764, 0.8145, 0.824, 0.8272, 0.8362, 0.8373, 0.8434, 0.8422, 0.849, 0.8454, 0.855, 0.8495, 0.8575, 0.8554, 0.8571, 0.8588, 0.8602, 0.8648, 0.8657, 0.865, 0.8681, 0.8662, 0.866, 0.8678, 0.868, 0.8738, 0.8672, 0.8674, 0.8724, 0.8751]
Confusion_Matrix: [[839   0  13  32   4   1  99   0  12   0]
 [  3 965   1  23   3   0   2   0   3   0]
 [ 19   2 803  15 101   0  58   0   2   0]
 [ 26  12  13 881  36   0  28   0   4   0]
 [  0   1  87  31 819   0  59   0   3   0]
 [  0   0   0   1   0 925   0  48   2  24]
 [127   1  93  36  75   0 650   0  18   0]
 [  0   0   0   0   0  17   0 948   0  35]
 [  1   1   3   8   3   3   8   5 968   0]
 [  0   0   0   0   0   7   1  39   0 953]]
