Accuracy: 67 %
Accuracy: 72 %
Accuracy: 73 %
Accuracy: 74 %
Accuracy: 76 %
Accuracy: 77 %
Accuracy: 77 %
Accuracy: 78 %
Accuracy: 78 %
Accuracy: 79 %
Accuracy: 79 %
Accuracy: 80 %
Accuracy: 80 %
Accuracy: 80 %
Accuracy: 80 %
Accuracy: 80 %
Accuracy: 81 %
Accuracy: 81 %
Accuracy: 81 %
Accuracy: 81 %
Accuracy: 81 %
Accuracy: 81 %
Accuracy: 81 %
Accuracy: 82 %
Accuracy: 82 %
Accuracy: 82 %
Accuracy: 82 %
Accuracy: 82 %
Accuracy: 82 %
Accuracy: 82 %
Finished Training in 530.456472158432s
Loss: [1.7027471897569002, 1.0435583552021608, 0.8349663534439233, 0.7426254532698506, 0.6889557270700929, 0.6526799884524391, 0.6252343943432022, 0.603468195796649, 0.585764700441503, 0.5706610845972405, 0.5576541974043261, 0.5463281487896959, 0.5364537894598576, 0.5280151011277161, 0.5200917030602152, 0.5131926166177941, 0.506801904058889, 0.5009639280805466, 0.49581110089413005, 0.491101772817629, 0.4863987473439, 0.4821973566279976, 0.47824688303496055, 0.4745702819387839, 0.47115072856081713, 0.4678409740471916, 0.4647722374190643, 0.4619196457281438, 0.4590727210426534, 0.45644925331166103]
Acc: [0.6799, 0.7216, 0.7372, 0.7488, 0.7627, 0.7701, 0.7783, 0.7835, 0.7889, 0.794, 0.7971, 0.8001, 0.8028, 0.8048, 0.8071, 0.8086, 0.81, 0.8149, 0.8155, 0.8158, 0.8178, 0.8191, 0.8199, 0.8218, 0.8225, 0.8244, 0.8249, 0.8228, 0.8276, 0.8275]
Confusion_Matrix: [[798   3  14  60   3   4 104   0  13   1]
 [  4 942  11  33   6   0   3   0   1   0]
 [ 17   1 713   8 132   2 118   0   9   0]
 [ 24  12   9 862  31   1  57   0   4   0]
 [  0   2  98  34 755   0 106   0   5   0]
 [  0   0   0   2   0 892   0  65   4  37]
 [140   3 111  40 105   6 566   0  29   0]
 [  0   0   0   0   0  47   0 898   0  55]
 [  1   1  12  12   2  13  27   6 925   1]
 [  0   0   0   0   0  25   0  50   1 924]]
