Accuracy: 88 %
Accuracy: 89 %
Accuracy: 90 %
Accuracy: 90 %
Accuracy: 90 %
Accuracy: 90 %
Accuracy: 90 %
Accuracy: 91 %
Accuracy: 91 %
Accuracy: 90 %
Accuracy: 90 %
Accuracy: 90 %
Accuracy: 91 %
Accuracy: 90 %
Accuracy: 90 %
Accuracy: 91 %
Accuracy: 91 %
Accuracy: 90 %
Accuracy: 91 %
Accuracy: 91 %
Accuracy: 91 %
Accuracy: 91 %
Accuracy: 91 %
Accuracy: 91 %
Accuracy: 91 %
Accuracy: 90 %
Accuracy: 91 %
Accuracy: 91 %
Accuracy: 91 %
Accuracy: 91 %
Finished Training in 2751.186765432358s
Loss: [0.5272720340269607, 0.2802803761056419, 0.24235740106795362, 0.22130385824064688, 0.2025310746458704, 0.18855018256154615, 0.17670394701678446, 0.16475227209833812, 0.15363523449446598, 0.14545673093179057, 0.13340849841456848, 0.1268021294388924, 0.1185906537959557, 0.1107603313760154, 0.10892368579360884, 0.1034257349030392, 0.097013393967644, 0.0955944013339045, 0.09172864274235876, 0.0845054936714037, 0.08625314271277792, 0.08038285144854719, 0.06984884350750324, 0.07983162978317652, 0.0761827189414916, 0.0684236639144253, 0.0776899355188362, 0.06534977324116004, 0.0689152481947954, 0.06572514483411329]
Acc: [0.8855, 0.8974, 0.9027, 0.9078, 0.9085, 0.9091, 0.9074, 0.9109, 0.9138, 0.9067, 0.9023, 0.9001, 0.9128, 0.909, 0.9052, 0.912, 0.9146, 0.9062, 0.911, 0.9121, 0.9111, 0.9169, 0.9152, 0.9138, 0.9168, 0.9089, 0.9167, 0.9109, 0.9122, 0.911]
Confusion_Matrix: [[801   0  19  28   8   1 141   0   2   0]
 [  1 974   1  18   4   0   2   0   0   0]
 [ 13   1 885   9  41   0  51   0   0   0]
 [  6   0  10 930  24   0  29   0   1   0]
 [  0   0  50  22 851   0  77   0   0   0]
 [  1   0   0   1   0 978   1   8   0  11]
 [ 67   1  52  23  73   0 782   0   2   0]
 [  0   0   0   0   0   4   1 964   0  31]
 [  6   0   1   2   3   6  10   0 972   0]
 [  0   0   0   0   0   3   1  23   0 973]]
