Accuracy: 83 %
Accuracy: 83 %
Accuracy: 85 %
Accuracy: 87 %
Accuracy: 86 %
Accuracy: 82 %
Accuracy: 86 %
Accuracy: 86 %
Accuracy: 86 %
Accuracy: 87 %
Accuracy: 87 %
Accuracy: 87 %
Accuracy: 86 %
Accuracy: 87 %
Accuracy: 87 %
Accuracy: 87 %
Accuracy: 88 %
Accuracy: 87 %
Accuracy: 87 %
Accuracy: 88 %
Accuracy: 87 %
Accuracy: 86 %
Accuracy: 86 %
Accuracy: 87 %
Accuracy: 87 %
Accuracy: 88 %
Accuracy: 87 %
Accuracy: 88 %
Accuracy: 88 %
Accuracy: 86 %
Finished Training in 550.3864552974701s
Loss: [0.5453514523223726, 0.4014160731845121, 0.36521126884915406, 0.33930924476751523, 0.32081192994257685, 0.3057537776444867, 0.29366235551101294, 0.28264140932479814, 0.2723187551840647, 0.2645472471096345, 0.257084668803813, 0.24902296278589944, 0.24282541929117007, 0.23563317898084413, 0.2307976312148151, 0.22429302839707413, 0.2197144967379603, 0.21528876246238404, 0.21113237053187706, 0.20606261579242308, 0.2006477146104312, 0.19723564572433525, 0.19401110314715378, 0.18954319639276543, 0.18653155877597813, 0.18145509238335977, 0.17991708204738613, 0.1751978444919515, 0.17056856259282205, 0.1698437461007303]
Acc: [0.8393, 0.8377, 0.8503, 0.87, 0.8641, 0.8258, 0.8655, 0.8642, 0.8645, 0.8704, 0.8702, 0.8767, 0.8678, 0.8781, 0.8702, 0.8782, 0.8812, 0.8758, 0.8736, 0.8804, 0.8786, 0.8688, 0.8625, 0.8757, 0.8783, 0.8806, 0.8795, 0.8816, 0.882, 0.8672]
Confusion_Matrix: [[765   1  11  77   8   4 130   1   3   0]
 [  1 964   1  28   3   0   2   0   1   0]
 [ 16   7 630  30 221   1  93   0   2   0]
 [ 11   4   2 928  35   1  16   0   3   0]
 [  0   1  32  38 869   0  60   0   0   0]
 [  0   0   0   1   0 956   0  18   1  24]
 [ 80   2  48  64  82   0 716   0   8   0]
 [  0   0   0   0   0  21   0 918   0  61]
 [  7   3   3  12   4   3   8   5 954   1]
 [  1   0   0   1   0  10   0  16   0 972]]
